111111110100101100
000000001011010100
000000001011010100
111111110100101100
000000001011010100
000000001011010100
000000001011010100
000000001011010100
000000001011010100
000000001011010100
000000001011010100
111111110100101100
000000001011010100
111111110100101100
111111110100101100
000000001011010100
111111110100101100
000000001011010100
111111110100101100
111111110100101100
111111110100101100
000000001011010100
111111110100101100
000000001011010100
111111110100101100
111111110100101100
000000001011010100
000000001011010100
111111110100101100
000000001011010100
000000001011010100
000000001011010100
000000001011010100
000000001011010100
000000001011010100
000000001011010100
111111110100101100
111111110100101100
111111110100101100
000000001011010100
000000001011010100
000000001011010100
000000001011010100
000000001011010100
111111110100101100
000000001011010100
111111110100101100
000000001011010100
111111110100101100
000000001011010100
111111110100101100
111111110100101100
000000001011010100
000000001011010100
000000001011010100
000000001011010100
111111110100101100
111111110100101100
111111110100101100
111111110100101100
111111110100101100
111111110100101100
111111110100101100
111111110100101100
000000001011010100
000000001011010100
000000001011010100
000000001011010100
000000001011010100
111111110100101100
000000001011010100
000000000000000000